



























































169 2

157 2

286 3

117 2










233 1

168 1

















21 3

48 3

34 3












112 3







153 2






































27 2

62 2

97 2

53 2

35 1

286 1


38 1



















































































































































































