0
0
0
0
0
0
0
0
0
0
0
0
0
0
0
0
0
0
0
0
0
0
0
0
0
0
0
0
0
0
0
0
0
0
0
0
0
25 9

2 0
24 8
5 9

0
0
0
0
0
0
0
0
0
0
0
0
0
0
0
0
0
0
0
0
0
65 7
106 8

158 8

1 0
287 6

1 0
118 8

0
0
0
0
0
0
0
0
0
2 0
157 5
49 6
25 7

5 0
164 7

0
0
0
0
0
0
0
0
0
0
0
0
0
0
0
0
21 6

1 0
27 4
20 6

2 0
30 6
2 9

0
0
0
0
0
0
0
0
0
0
0
1 0
53 5
58 9

0
0
0
0
0
0
4 0
149 9

0
0
0
0
0
0
0
0
0
0
0
0
0
0
0
0
0
0
0
0
0
0
0
0
0
0
0
0
0
0
0
0
0
0
0
0
0
27 9

3 0
63 9

101 9

1 0
55 9

33 8
3 9

5 0
283 9

268 8

46 9

0
0
0
0
0
0
0
0
0
0
0
0
0
0
0
0
0
4 0
54 5
94 7
2 8

0
0
0
0
0
0
0
0
0
0
0
0
0
0
0
0
0
0
0
0
0
0
0
0
0
0
0
0
0
0
0
0
0
0
0
0
0
0
0
0
0
0
0
0
0
0
0
0
0
0
0
0
0
0
0
0
0
0
0
0
0
0
0
0
0
0
0
0
0
0
0
0
0
0
0
0
0
0
0
0
0
0
0
0
0
0
0
0
0
0
0
0
0
0
0
0
0
0
0
0
0
0
0
0
0
0
0
0
0
0
0
0
0
0
0
0
0
0
0
0
0
0
0
0
0
0
0
0
0
0
0
0
0
0
0
0
0
0
0
0
0
0
0
0
0
0
0
0
0
0
0
0
0
0
0
0
0
0
0
0
