0
0
0
0
0
0
0
0
0
0
0
0
0
0
0
0
0
0
0
0
0
0
0
0
0
0
0
0
0
0
0
0
0
0
0
0
0
0
0
0
0
0
0
0
0
0
0
0
0
1 0
178 9

48 9

29 9

0
0
0
0
0
0
0
0
0
0
0
0
0
0
0
0
0
0
0
46 7

2 0
266 6

235 5

0
0
0
0
0
0
0
0
0
0
1 0
128 4
14 5

0
0
0
0
0
0
0
0
0
0
0
0
0
46 9

242 9

0
0
0
0
0
0
0
0
0
0
0
0
0
0
0
0
0
0
0
0
0
0
0
0
0
0
0
0
0
0
0
0
0
0
0
0
0
0
0
0
0
0
0
0
0
0
0
0
0
30 9

1 0
57 9

1 0
65 9

2 0
99 9

3 0
53 9

0
0
0
0
0
0
0
0
0
0
0
0
0
0
0
0
0
40 5
1 6
3 7

5 0
335 7

15 0
28 5

0
0
0
0
0
0
0
0
0
0
0
0
0
0
0
0
0
0
0
0
0
0
0
0
0
0
0
4 4
111 5

10 0
278 9

1 0
226 5

0
0
0
0
0
0
0
0
0
0
0
0
0
0
0
0
0
0
0
0
0
0
0
0
0
0
0
0
0
0
0
0
0
0
0
0
0
0
0
0
0
0
0
0
0
0
0
0
0
0
0
0
0
0
0
0
0
0
0
0
0
0
0
0
0
0
0
0
0
0
0
0
0
0
0
0
0
0
0
0
0
0
0
0
0
0
0
0
0
0
0
0
0
0
0
0
0
0
0
0
0
0
0
0
0
0
0
0
0
0
0
0
0
0
0
0
0
0
0
0
0
0
0
0
0
0
0
0
0
0
0
0
