




































25 0

31 0






















171 6

6 0
152 6

2 0
286 6

119 6










233 5

98 5
71 6

















21 6

48 6

1 0
33 6












49 3
63 5







2 0
151 4






































27 2

24 0
42 2

17 0
84 2

1 0
54 2
1 6

2 0
34 6

3 0
285 6

3 0
265 6

2 0
44 6


















154 5

































































































































































