








32 1

28 1










































30 3

66 3

101 3

56 3

189 2

280 2

202 2




























66 3

106 3














60 3

119 3



























109 3


















147 2



























288 3





























213 3

26 2
22 3

27 3



































































































































