4 0
4 2

24 0

17 0

0
7 0
9 1

7 0
1 2

18 0

1 0
4 1
20 2

1 0

2 0

1 1

1 2

3 0

2 0
1 3

0
13 0

10 0
2 1

18 0

16 0
2 1

7 0

22 0

12 0

1 0

3 0

4 0

1 1

2 0

3 0

4 0

7 0

5 0

17 0

28 0

9 0

9 0

30 0

3 0

0
0
0
1 0

2 0

18 3

10 0
8 3

21 3

4 0
12 3

4 3

6 3

1 2
10 3

33 3

0
2 3

0
1 0

5 0
1 3

1 3

6 2

1 2

2 3

3 2

1 0
16 2

1 2
8 3

2 0
17 3

23 2

0
2 3

1 2

0
3 3

2 2

5 1

6 2
5 3

7 2
3 3

18 1

2 0
12 1

1 1
3 3

8 0
1 2
12 3

1 0
18 1
1 2

1 3

1 0
1 3

0
2 1

1 0
1 3

2 0

0
1 0
5 3

2 0
16 3

1 0
12 3

2 0
1 2

4 3

7 3

2 0
23 3

1 0
2 3

3 0

3 3

1 0
1 2

6 3

1 3

2 0
10 3

2 0
11 3

1 0
4 1

7 3

5 3

2 0
7 3

16 2
4 3

33 3

2 0
1 2

1 3

4 3

2 3

7 3

2 0
1 3

2 0
13 2

2 0
8 2
2 3

5 2
10 3

3 1
19 2

4 2

1 2

10 0

5 2

1 2

1 0

4 3

1 0
1 3

1 0
1 2
1 3

1 2
1 3

2 3

1 0
19 2

1 0
5 1

7 3

7 0

6 0

18 0

3 0
4 3

2 0
1 3

3 2

1 1

3 1
1 3

1 0
5 3

0
1 0
2 1

4 0

1 0

7 0

18 0

5 0
2 1

1 0

7 0
25 2

1 0
2 2

1 0
1 1

2 2

1 0
1 1

3 0

2 1

19 0

2 0
11 1

6 0

7 1

8 0
14 1

5 0

19 0

2 0
2 1

0
2 0
1 1

2 0

2 0

5 0

2 0

6 0

8 0
3 2

1 0
19 3

21 0

21 0

4 0
2 2

0
1 0
2 3

2 0

1 2
2 3

3 0
1 3

2 0

4 0

3 0

2 3

3 3

1 3

1 0
23 3

3 3

4 0
5 2

3 2

24 3

4 3

2 3

0
4 3

3 2

0
11 1

1 0

17 3

3 0
17 3

1 0
2 3

4 0
4 3

3 0
5 1

0
0
2 3

2 2

3 0
2 1

1 3

2 3

1 0
15 2

8 0
10 3

9 0
13 2

3 0
8 2
5 3

19 0

3 0
4 2

13 0
1 1

1 0
5 2

1 0
1 2

2 0

2 2

4 2

1 3

3 3

1 0
4 3

1 0
3 3

2 0
4 2

0
13 0
7 1
8 3

6 0

3 0

6 0
5 3

1 0

1 0

3 0
1 2

0
1 3

2 0

0
5 0
11 1
6 3

3 0
1 1

15 0

0
3 0

8 0
7 1
4 2

6 2

1 0

1 0

0
1 0
3 3

5 2

0
4 0

3 0
14 3

1 0

0
6 0
17 1

2 0
1 2
1 3

8 0
14 1

9 0
1 1
1 3

1 0
1 1

1 2
1 3

2 0

4 0
1 3

3 0
3 3

1 0
1 3

4 0
3 3

0
18 0

6 0

16 0

7 0

3 0
5 2

23 0

2 0

1 0
1 3

1 0
2 3

3 0

5 0

2 0
1 2

8 0
3 3

22 0

2 0
18 3

14 0

1 0

1 0

1 0
10 3

8 0

0
1 0

3 0

2 0
1 3

4 0
2 1

0
1 0
7 3

4 0
21 3

13 3

1 0

29 3

8 3

25 3

18 3

0
3 2

1 3

2 3

1 3

2 3

1 0
5 3

2 0
6 3

2 0
26 3

1 1
1 2

1 0
12 2

3 0
1 2
1 3

0
19 3

1 0

1 3

4 3

1 0
1 2

2 0
2 1

1 2

9 2
12 3

2 0
3 1
10 3

0
1 0
24 3

1 0
27 2

19 3

0
28 3

14 2

1 0
7 2
7 3

1 0
2 1
8 2

5 0
8 3

5 2
12 3

2 0
3 2
10 3

