56 1










































73 3

287 3

265 3

1 3














277 2

60 2














277 1

142 1

288 3

36 1














57 3














83 3














92 2














73 3














61 2

48 2

57 2

42 2














3 1

62 1

101 1

56 1









































































































































































