1 0
7 2

16 0
4 1

2 0
14 1

10 0
3 1

8 0

1 0
1 1
1 6

8 0
1 6

1 0
6 1


3 1

1 0

1 0
2 5

4 0

2 0

15 0

8 0
1 6

15 0

13 0

24 0


8 0

22 0

1 0

4 0

1 0

2 0

1 0

4 0

10 0
1 6

6 0

11 0

5 4

25 0

3 0

4 6

13 0



1 6

3 0

1 6

3 0

7 6

24 6

2 0
17 6

2 0
2 5

24 6

9 6

3 0
3 2
11 5
2 6

2 0
17 6

1 0

2 6

1 6

2 0
2 4

2 0
2 6

1 6

11 6

4 3
16 5
3 6

2 6

10 5

1 0
16 6

1 0
2 5

1 0
4 4
3 6

4 5
3 6

3 5

2 6

2 5
2 6

2 0
2 6

2 4
5 5

1 5

2 0
2 2
2 4
3 6

2 2

2 0
5 6

20 6

1 0
13 4

3 0
11 5

5 1
3 4

1 0
22 6

2 6

1 0
2 3
1 6

2 4

1 0

1 6

3 6

3 5

2 0
4 3
7 4
10 6

4 3

11 5

3 0
7 6

1 3

4 0
1 4
3 5

15 6

3 6


1 5
2 6

1 5
2 6

1 0
6 4

3 0

2 0
3 5


3 0
17 4

1 0
10 5

1 0
1 4

4 0
6 5

2 0
2 3

21 4

2 2

2 5

1 0

1 5

2 3
2 5


1 0
1 4

2 0
11 1

5 0
7 3

1 0
1 4


2 1

22 0

1 0
8 2
8 4

4 2

2 0
1 1

1 0
1 2

4 3

1 0
2 6


7 3
1 4

7 0
9 3

3 0
5 1
3 2

6 1

1 0
2 3
13 6

4 0
1 4
9 6

6 0
2 2

5 0
13 1
3 6


2 6


3 0

1 0
1 1
1 2

3 1

1 0
12 5

2 0
11 1

9 0
4 6

13 0

4 0
1 2

3 0

2 0
1 5
2 6

3 0
13 6

1 0
3 2

1 0

2 5

3 0

4 0


1 0
13 5

6 0
5 1
13 4

7 0
10 4

5 0
4 5
2 6

3 0
3 1



4 0
6 6

1 0
1 1

4 6

3 0


5 0
2 5

3 0

2 0
11 3


2 0

10 0

15 0
5 5

13 0

12 0
8 4
9 5
2 6

16 0
1 6


1 0

2 0

2 0

1 0
1 5

2 0
1 5

2 0
2 6

3 0
3 6

10 4
6 5

10 5
3 6

2 0
4 4
1 6

6 4
1 5

10 4
12 5

1 0
3 4
3 6


3 5
2 6

1 0
2 2

1 2
1 5

3 4
1 6

2 3

2 3
1 4

5 6

1 3
3 5

3 0
15 3

1 0
21 5

4 0
4 6

9 0
2 3
2 4
1 5

1 0
13 4
2 6

3 0
1 1

1 0
3 5


1 0
3 2

5 4

3 2

5 0
2 3

2 4

17 6

13 0
4 3

7 0
1 1
4 5

6 0
6 2

18 0

5 0
5 4

1 4

3 6

1 5
1 6

1 0

2 6

1 6

2 0
3 3

11 0
13 3

11 0

9 0

2 2
8 4
1 5

2 0
1 2

3 0
9 2

1 0
5 5

2 0
1 1

1 0

2 0

1 2

3 6

4 2

5 0
5 3

11 0

5 6

15 0

1 0

7 0
5 5
2 6

2 0
1 1
1 2
1 3

12 0


2 0
1 4

1 2
1 3
1 6

1 0
1 3

3 0
1 5


2 0
3 6

5 0
4 5
6 6


19 6

2 0
1 5
23 6

4 0
2 5

4 1

24 6

1 0


2 6


5 5

1 0
1 6

2 0
4 6

3 6


11 6

4 0
21 6

2 0
1 1

4 0
14 5
11 6

20 5

2 5

1 0


3 6

3 5


10 4

2 0
7 5

19 6

3 4
11 6

3 0
16 5

2 0
3 5

2 1
7 4
14 5

17 5
8 6

1 6

2 0

2 5

3 0


2 5


8 5
10 6

16 6

2 6

2 0
8 6

2 6

5 0
11 2
11 3

3 4
22 5

2 0
1 4

1 3

4 6

1 0
1 4

1 0
5 5


6 4
1 6

2 0
7 6

1 0
8 3
22 5

3 0
10 5

2 0
8 6

1 0
9 6


1 0
19 6

2 0


2 3

2 5

1 0

1 0
1 6

1 0
12 1

2 0
11 6


19 6

2 0
24 6

1 0
12 4


17 1
16 2

1 0
8 3

1 0
2 5
8 6

2 3
13 5

2 0
8 3
1 4
2 6

1 0
19 2

2 0
12 3

