
















































179 3

48 3

29 3




















43 1
3 3

265 3

235 1











140 3














46 3

242 3


















































20 2

57 2

59 2

101 2

49 2
















































115 3

287 3

226 3





































































































































