8 9

21 0
3 9

10 0
7 9

0
1 0
15 1

1 0
7 9

6 0
7 8
5 9

1 0
16 1
8 9

1 9

2 0

1 0

1 2

3 0

3 0

0
9 0
4 8

5 0
7 9

1 0
17 9

18 0

7 0

7 0
15 9

2 0
2 8
8 9

1 0

3 9

4 8

1 0

2 9

3 8

4 9

5 0
2 9

5 9

1 8
16 9

16 0
7 8
5 9

7 0
1 2
1 9

3 0
6 8

5 0
25 9

2 0
1 7

0
0
0
1 0

2 0

1 0
17 8

1 0
17 9

9 7
5 8
7 9

16 8

2 6
2 9

6 6

2 0
9 7

4 0
29 7

0
1 0
1 4

0
1 7

1 0
4 8
1 9

1 9

2 0
4 6

1 2

2 9

1 0
2 5

17 8

9 2

5 0
7 5
6 7
1 9

6 5
17 6

0
2 8

1 7

0
1 7
2 8

2 6

1 5
4 6

11 4

10 9

3 0
7 5
1 6
7 7

1 0
9 7
2 8
2 9

1 7
3 9

21 5

2 0
17 4
1 5

1 9

2 5

0
1 0
1 9

2 0

2 0

0
1 0
5 9

3 0
14 3
1 8

2 0
3 3
8 9

3 6

1 0
1 4
2 6

1 0
6 9

4 0
21 6

3 0

1 0
2 7

2 5
1 6

1 5
1 9

6 3

1 8

1 0
1 8
10 9

4 0
9 9

5 9

7 9

1 0
4 5

5 0
4 4

4 0
16 9

33 9

3 9

1 3

4 9

1 0
1 7

6 5
1 6

1 2
2 9

2 0
13 9

1 0
10 3
1 7

10 1
5 9

2 0
20 9

3 5
1 7

1 0

3 0
5 2
1 3
1 5

1 0
4 9

1 9

1 9

1 6
3 9

2 9

3 0

1 0
1 7

2 0

14 0
2 6
3 8
1 9

2 0
3 8
1 9

7 2

5 0
2 9

2 0
4 2

8 0
8 1
2 8

7 8

3 0

3 0

1 9

4 4

1 0
5 3

0
2 0
1 5

4 1

1 0

5 0
2 9

12 0
6 9

4 0
3 9

1 9

1 0
5 7
3 8
23 9

3 0

2 0

2 0

2 1

1 0
2 2

2 2

19 6

3 0
4 1
2 4
3 7
1 8

3 0
2 6
1 8

4 0
3 8

4 0
18 6

4 0
1 9

10 0
9 8

2 0
1 5
1 9

0
2 0
1 6

1 0
1 1

2 0

4 0
1 7

2 8

6 0

11 0

2 0
2 4
16 7

7 0
14 7

6 0
10 7
5 8

5 0
1 7

0
3 4

2 0

3 0

2 0
2 5

2 0

3 5
1 6

1 0
2 7

1 5
1 7

2 8
1 9

1 3

2 0
9 4
8 5
5 7

1 0
1 3
1 8

4 0
1 3
3 4
1 9

2 5
1 6

1 4
6 6
11 7
5 8
1 9

1 0
3 3

2 0

0
3 6
1 9

1 0
2 7

0
1 0
3 6
7 7

1 9

2 2
13 4
2 9

2 0
8 3
10 5

3 4

4 0
4 7

2 0
4 6
2 7

0
0
1 0
1 5

1 0
1 3

1 4
2 8
2 9

1 3

1 0
1 2

11 0
5 9

4 0
2 7
12 9

3 0
19 9

2 0
14 9

1 0
18 9

1 0
2 7
4 9

3 0
11 9

6 9

1 0
1 9

1 0
1 9

2 9

3 0
1 6

1 0

1 3
2 9

1 3
4 9

1 0
3 9

4 0
1 8
1 9

0
28 8

5 0
1 5

3 7

1 0
10 8

1 0

1 0

4 3

0
1 5

2 9

0
14 7
8 9

1 0
3 8

1 0
7 8
7 9

0
1 0
2 9

2 0
17 7

6 9

1 0

1 0

0
4 0

1 0
4 7

0
1 0
1 6
2 9

17 8

1 0

0
4 1
19 8

4 0

6 0
1 2
15 9

1 0
1 1
9 8

2 6

1 4
1 9

2 0

3 0
2 9

1 3
5 9

1 0
1 7

2 0
2 8
3 9

0
1 0
17 8

1 6
5 8

1 0
3 8
12 9

2 0
5 9

4 0
4 9

20 8
3 9

2 8

1 0
1 4

3 8

1 0
2 7

5 7

1 0
2 7

1 0
10 9

3 0
8 7
11 8

1 0
2 6
17 9

3 0
1 4
10 6

1 4

1 0

3 0
5 7
3 9

7 5
1 7

0
1 0

1 7
2 8

3 0

1 0
5 8

0
8 7

3 0
17 3
1 8
4 9

11 8
2 9

1 0

16 6
13 8

1 0
5 6
1 7
1 9

3 0
14 3
4 6
4 7

1 0
17 6

0
1 0
2 9

1 5

1 7
1 9

1 2

2 2

1 0
2 2
2 5
1 9

1 0
1 8
6 9

15 4
13 8

1 0
1 1

1 0
12 9

2 0
3 9

0
1 6
18 9

1 8

1 4

1 0
1 4
1 6
1 7

1 0
1 5

1 0
3 9

1 8

5 8
16 9

1 0
2 7
12 8

0
2 0
12 2
3 5
7 8
1 9

2 0
10 8
16 9

3 0
5 2
11 8

0
1 0
27 9

1 0
2 7
11 8

1 0
14 6

2 0
6 3
3 9

5 0
8 9

3 2
4 3
6 6
4 9

1 0
12 2
2 7

