10 12

7 0
4 12

2 0
6 9

15 0
5 12

1 0
1 12

1 0
8 11

0
1 0

1 0

1 0
1 2
1 10

1 12

1 9

3 0
4 12

5 0

0
2 9

8 0
4 9
6 11

8 0

3 0
2 9
5 11

11 0
2 11

5 0
1 4
1 10
2 11

4 0
14 11

1 0

2 0
2 12

3 0

2 0
1 10
1 11

3 0

2 0
1 8

7 0
1 8

1 0
4 7
19 10

5 0
1 4
4 9
1 11

7 8
1 12

1 0
21 9

7 0
5 9

16 6
6 10

1 0
19 7
10 10

0
3 0

1 10

1 0
1 12

5 0
2 8

1 0

4 6
1 10
7 12

1 0
1 2
1 7

13 6

1 0
5 12

3 0
1 7
19 12

1 0
1 9
2 12

1 0
6 8

15 9
1 12

1 8

0
1 9

2 5
1 12

9 12

2 0
3 9

1 8
2 9
4 10
1 11

1 0

3 7
1 9

11 6
8 12

23 7

2 0
1 7
6 8

2 5

13 7
2 11

1 4
1 12

4 7

3 8

0
1 0
3 5

2 2
1 10

0
17 12

2 0
14 11

0
19 11
3 12

3 0
2 10
4 11
1 12

21 11

1 0
26 12

0
1 5

1 9

4 11
1 12

3 12

2 7

4 0
2 10

3 0
11 6
2 12

2 0
19 12

1 0
1 5
1 7

11 11
11 12

1 0
7 3

3 10
7 12

21 12

2 11

1 0
1 12

1 5

4 0

0
2 0

1 0
1 2

3 0
14 12

2 3
1 9

23 12

0
2 0
8 4
1 9

7 0

10 9
12 10
8 12

0
3 11

0
0
4 8

0
4 0
1 8

4 0
1 7

4 7
6 10
3 11
8 12

11 1
2 2
1 11

1 0
21 11

1 0
1 12

6 0
7 2
3 8

5 10

1 12

1 0

2 9

1 0

0
0
2 9

5 0
13 11

2 0
9 9

5 9
10 12

13 10

7 0

2 9
9 12

12 3
5 10

3 0

3 0

1 0
1 10

2 0
1 6

2 0
2 10

1 12

11 0

3 0
1 7
4 9
3 11

2 11

11 0
3 9
1 10

12 0
4 11

1 10
1 11

7 0

3 0
8 11

1 0
1 12

1 0

1 0
1 2

1 0

3 0

0
1 0
9 11
2 12

3 0
5 12

11 0
10 12

9 0

8 0
7 5
2 6

4 8

4 0
2 5
9 6

5 0

2 0

0
1 0

2 0

1 0
3 12

1 0

5 0
5 12

3 0
7 12

1 0

0
2 0
5 12

1 0
1 6

3 0
4 3
14 12

1 0
10 12

2 7
2 12

3 12

1 12

3 0

7 12

1 0
1 10

8 11

2 0
15 11

23 11

1 0

2 7
6 12

3 0
1 11
1 12

8 12

4 0
23 12

1 12

1 0
1 1

0
2 0
3 10

0
1 10

10 11

2 11
9 12

0
8 12

1 0
2 11
1 12

1 0

4 0
13 12

1 7
7 12

1 12

0
1 0
4 12

3 0
1 6
1 10

2 5
1 9
3 12

1 0
1 9
1 12

11 12

1 1
1 2

13 11

1 9
12 12

3 0
1 4
1 11

1 0

2 0
12 10

19 9

1 6
3 9

0
1 0
1 9
2 11

3 12

1 2
1 9

2 0
3 12

2 0
4 9

2 0
11 12

1 0
14 12

4 0
11 10

1 0
24 10

5 0

13 9

0
1 0

1 0
1 8

2 0
1 2

2 0
1 3

1 0
3 12

0
6 0
6 12

1 5

2 0
5 8

3 7
3 10

4 0
9 10
2 12

5 0

6 9

1 0
21 12

3 0

1 0
1 7
2 9

1 9
1 11

1 0
1 6
2 11

0
1 12

4 0

2 0
19 9
3 12

1 0

20 12

2 0
8 7

0
3 0
7 4
1 12

1 0
11 11
6 12

1 0

0
2 0
1 12

0
1 0

1 9
1 11

1 0
2 7
4 10

1 0
2 1
9 9

1 0
22 7

3 0
17 5
1 7

1 0
4 8
3 9
2 10
2 11

4 0
1 5

7 10
1 11
9 12

29 10

3 0

1 0

1 0
3 8

4 0

1 0
2 6

1 5

2 0
10 8

3 0
6 8
1 12

1 7
2 12

4 6
6 8
5 9

1 0
3 10
7 12

3 1
4 4

1 0
20 10

18 12

1 0

3 11

1 10

0
1 5

0
5 11
8 12

2 0
11 11

9 10
1 12

2 0
1 8
1 9
2 11

2 0
1 6
4 8
2 11

3 0
5 8
1 9

12 5
17 8
4 9

14 5

1 5

1 6
2 12

1 0

1 0
1 5

3 3
4 7
1 12

3 12

3 12

7 5

5 0
16 8
2 12

3 0
5 4
3 12

2 0
12 6
11 10

3 0
3 9

0
2 0
3 6
11 12

3 2

2 0
2 11

3 12

0
5 2
1 12

0
2 0
1 9
2 10
12 11

2 0
13 3
16 8
4 12

0
14 1
9 2

5 0
7 5
3 11
2 12

2 0
6 2
8 3
5 12

0
1 0
14 9
5 10
8 12

6 2
3 6
1 7

1 0
11 6

3 4
5 7
3 8
2 12

7 0
4 12

1 0
6 3
8 11

4 0
11 11

