
















































3 0
176 6

48 6

29 6




















46 5

268 6

235 5











143 6














1 0
45 5

1 0
241 5


















































10 0
20 2

2 0
56 2

66 2

9 0
92 2

56 2


















4 0
40 5

21 0
319 5

5 0
38 5




























115 3

234 4
54 6

2 0
30 3
195 5





































































































































