5 1

3 1


8 1


1 2



1 3

1 3



4 1



2 1



1 1
















5 3





2 1


1 1

12 3

3 3

12 3

3 3

18 3

1 3

7 3

16 3

1 3


1 2


8 3

4 3

8 2

1 3

2 2

15 2

23 2

7 3

2 2

15 2

2 2

3 2

3 2


3 2

2 2


16 1

2 2
11 3


21 1

6 1
4 3

15 3

24 1
3 3



1 1

1 1

3 1


2 3

15 3

19 3

3 3

18 3

5 3

9 3

19 3


2 3

1 3

4 3


2 3

1 2

16 3

1 1
2 3

19 3


10 2

7 3

28 3





4 3


5 3

5 2

16 2

12 3

22 3

1 2

15 1

5 2

1 1

1 1

2 1

1 3




16 3

6 1

14 3

13 1

7 3


17 3

2 2

2 1


3 3


1 3


6 2


9 2









1 3



7 1



5 1


1 3

4 1







1 2




4 3

1 3

16 3






2 3


3 2
2 3

17 3

22 3

1 3

4 2
4 3


6 3

27 3

1 3

2 3




1 3

9 3

7 2
4 3


7 3

4 2


17 1

8 1

1 2


2 1
3 3

5 1

6 3

3 3

4 2
6 3


9 1

12 2

5 2

1 2


1 1
10 3

1 2
3 3


4 3

2 3



4 3

7 1
3 3

13 1

12 1

14 1

1 3

4 3



1 1

2 2

3 3

1 1


6 2



4 3








3 3



1 2

2 3

1 2

15 2
4 3



8 1

3 2
11 3



2 3


1 2

2 3


5 3

23 1

6 2

7 3


14 3







1 3


3 1
2 2


1 1


2 3

19 3



2 2





11 3

13 3

2 2
5 3

4 3

5 3

6 3

33 3

13 3


1 1



7 3

3 3

1 2
2 3

7 3

1 2
21 3

11 2

23 2

5 3


7 2
9 3

3 2

3 3

3 3


6 3


17 1

35 1


22 3

17 1

21 3


27 3

4 2
6 3

10 1
1 2

13 3

11 1

15 3

13 2

