58 1




























57 0














3 0
71 6

7 0
281 6

2 0
266 6

1 6














1 0
277 6

61 6














238 5
41 6

3 0
155 6

288 5

36 6














57 6














45 3
39 5














1 0
91 4














73 3














15 0
49 2

8 0
33 2
7 5

44 0
15 2

3 0
51 2
1 6














3 6

29 0
37 6

1 0
100 6

4 0
52 1









































































































































































