58 1

0
0
0
0
0
0
0
0
0
0
0
0
0
0
0
0
0
0
0
0
0
0
0
0
0
0
0
57 8

0
0
0
0
0
0
0
0
0
0
0
0
0
2 0
72 9

40 7
248 9

3 0
69 7
196 8

1 9

0
0
0
0
0
0
0
0
0
0
0
0
0
1 0
27 7
250 8

1 0
60 6

0
0
0
0
0
0
0
0
0
0
0
0
0
279 7

2 0
112 5
26 7
18 9

2 0
253 5
26 6
7 9

7 6
29 7

0
0
0
0
0
0
0
0
0
0
0
0
0
2 0
43 5
12 6

0
0
0
0
0
0
0
0
0
0
0
0
0
1 0
19 5
64 9

0
0
0
0
0
0
0
0
0
0
0
0
0
12 7
80 9

0
0
0
0
0
0
0
0
0
0
0
0
0
3 0
70 8

0
0
0
0
0
0
0
0
0
0
0
0
0
1 0
63 7

48 9

2 0
57 7

36 7
19 9

0
0
0
0
0
0
0
0
0
0
0
0
0
3 8

2 0
6 8
58 9

1 0
100 9

56 8

0
0
0
0
0
0
0
0
0
0
0
0
0
0
0
0
0
0
0
0
0
0
0
0
0
0
0
0
0
0
0
0
0
0
0
0
0
0
0
0
0
0
0
0
0
0
0
0
0
0
0
0
0
0
0
0
0
0
0
0
0
0
0
0
0
0
0
0
0
0
0
0
0
0
0
0
0
0
0
0
0
0
0
0
0
0
0
0
0
0
0
0
0
0
0
0
0
0
0
0
0
0
0
0
0
0
0
0
0
0
0
0
0
0
0
0
0
0
0
0
0
0
0
0
0
0
0
0
0
0
0
0
0
0
0
0
0
0
0
0
0
0
0
0
0
0
0
0
0
0
0
0
0
0
0
0
0
0
0
0
0
0
0
0
0
0
0
0
