3 0
3 1

3 0
20 1

12 0

1 0

8 0
3 1

1 3

27 0

3 0
22 1

2 0
1 3

0
0
2 0

1 0

0
10 0

18 0
2 1

16 0

24 0

5 0

11 0

14 0

28 0

1 2

2 0
1 2

1 0

2 0

0
1 0

5 0

5 0

10 0
1 3

7 0

24 0

11 0

2 3

12 0

5 0

0
4 0

0
6 0

2 0

0
4 0

2 0
8 3

18 3

8 3

1 1
6 3

1 0
1 1

0
2 3

4 3

1 0

1 0
1 1
2 3

1 0
5 3

0
1 0
10 2

4 2

14 2

13 2

1 0
11 2

1 0
3 3

7 2
11 3

1 0
14 2

1 0
3 3

3 2

3 3

1 0
4 1

4 2
2 3

2 3

3 3

4 0
5 1
14 3

3 0
10 3

1 2

1 0
8 1

7 1

3 0
3 3

2 0
25 1

0
4 3

3 1
1 2

1 0

7 3

1 1

1 0
11 3

3 0
8 3

5 2
3 3

0
4 3

8 3

2 0
26 3

10 3

1 0

1 0

1 0
1 3

2 0

1 1
1 3

0
9 3

1 0
5 3

1 0
13 3

1 0
24 3

11 2

7 3

5 0
2 3

22 3

0
1 3

2 3

1 0

1 2

3 3

1 0
9 3

17 3

5 3

2 0
11 3

2 0
3 1
12 3

1 1
6 2
2 3

7 0
7 3

1 1
5 2

1 1

3 3

4 2

5 2

1 0
3 3

2 0
1 2

8 0
2 3

4 0
5 3

8 0
1 2

7 3

1 0

4 0

1 3

2 0
10 1
16 3

0
0
0
3 0

2 0

2 1
1 3

0
4 0
13 2

6 0

3 0
3 2

8 0

6 0

5 0
4 3

2 0
4 2

0
0
3 2

2 0
2 3

2 0

1 0

7 0

3 0

18 0

3 0
19 1

4 0
19 1

6 0

4 0

14 0

0
1 0
1 2

2 0

4 1

5 0

2 0

13 0

16 0

1 0
2 3

14 0

1 0

4 0
2 3

1 0
21 3

29 0

0
0
0
4 0

4 0

1 3

4 3

1 0
24 3

2 0
6 3

15 3

1 0
20 3

5 3

0
15 2
5 3

2 3

1 2
1 3

0
1 0
2 2

1 1

1 0
1 3

9 3

1 0
7 1

1 0
20 3

1 0
9 2

1 0
24 3

1 0
2 2

3 0
26 3

2 0
23 2

3 3

0
1 2

0
7 3

1 1
1 3

14 3

23 0

1 0
6 2
3 3

7 0
1 2
9 3

1 0
5 3

1 0
7 1

10 0
2 1
5 2
3 3

1 0
1 1
22 2

0
3 0

3 2

0
6 0

2 0
1 3

15 0

0
15 0
6 1

10 0
9 1
1 2

12 0
1 2

3 0

4 0
13 3

6 0
4 3

2 1

2 0
2 3

2 0

0
2 0

3 0

6 0

2 0

1 0

8 0

5 2
2 3

0
3 3

14 0
1 3

1 2

4 0

1 1

0
5 0

3 0

4 3

1 0
2 1
2 2

3 0
6 1

2 0

21 0

10 0
1 3

19 0

2 0
27 3

3 0

3 0

2 3

1 0
2 2

1 0
6 3

0
5 0

3 0
5 3

6 0
4 1

11 0

20 0

0
1 1
1 2
5 3

5 0

5 0

3 0

2 0

3 3

2 0

2 0
1 3

14 0

16 0
1 2
1 3

15 3

10 0

6 0
2 1

4 0

12 3

11 0

0
4 0

1 0
2 3

4 0

4 1

0
0
16 3

11 3

1 0
6 3

3 0
1 2
19 3

2 0
5 3

1 0
26 3

0
1 0

0
3 3

0
2 0

3 0

0
2 0
1 2
7 3

13 2
10 3

6 3

21 3

11 0

0
5 0
21 3

0
1 1
1 3

1 0

4 3

4 2

1 0
2 2

2 0
20 2

2 0
9 1
4 2

0
22 2

3 0
16 2
22 3

19 1

0
19 1

12 1
2 3

1 0
12 3

1 0
13 2

1 0
11 3

1 0
14 2

15 3

