
99 1

































286 3











21 3

339 3

143 3
























3 1
2 3

15 1
252 3

257 1











142 3




























45 2

184 2












































































125 3

48 3

59 3

7 2
51 3

65 2

99 3

56 3








279 3





































































































































