0
0
0
0
0
0
0
0
0
0
0
0
0
0
0
0
0
0
0
0
0
0
0
0
0
0
0
0
0
0
0
0
0
0
0
0
0
6 9
19 10

31 10

0
0
0
0
0
0
0
0
0
0
0
0
0
0
0
0
0
0
0
0
0
1 0
106 6
35 8
29 11

5 0
153 12

7 0
74 5
68 11
139 12

8 5
111 8

0
0
0
0
0
0
0
0
0
233 12

2 0
133 7
3 9
31 12

0
0
0
0
0
0
0
0
0
0
0
0
0
0
0
0
1 0
20 11

1 0
2 10
45 11

2 6
4 9
28 12

0
0
0
0
0
0
0
0
0
0
0
1 0
111 12

0
0
0
0
0
0
1 0
152 12

0
0
0
0
0
0
0
0
0
0
0
0
0
0
0
0
0
0
0
0
0
0
0
0
0
0
0
0
0
0
0
0
0
0
0
0
0
13 7
14 9

2 0
43 7
4 8
5 9
3 11
9 12

101 9

2 0
20 7
34 11

2 0
34 8

2 0
286 6

8 0
260 12

1 0
45 8

0
0
0
0
0
0
0
0
0
0
0
0
0
0
0
0
0
154 12

0
0
0
0
0
0
0
0
0
0
0
0
0
0
0
0
0
0
0
0
0
0
0
0
0
0
0
0
0
0
0
0
0
0
0
0
0
0
0
0
0
0
0
0
0
0
0
0
0
0
0
0
0
0
0
0
0
0
0
0
0
0
0
0
0
0
0
0
0
0
0
0
0
0
0
0
0
0
0
0
0
0
0
0
0
0
0
0
0
0
0
0
0
0
0
0
0
0
0
0
0
0
0
0
0
0
0
0
0
0
0
0
0
0
0
0
0
0
0
0
0
0
0
0
0
0
0
0
0
0
0
0
0
0
0
0
0
0
0
0
0
0
0
0
0
0
0
0
0
0
0
0
0
0
0
0
0
0
0
0
