1 7
3 12

3 0
11 12

1 0
4 9

7 10

16 12

1 0
5 9
1 10
3 12

15 0

2 0
17 1
5 12

0
1 10

0
2 7

5 0
3 12

2 0

1 0
1 8

13 0
4 10

2 0
7 7
1 11
2 12

9 0

9 0

6 0
1 7
3 12

5 0
12 8

10 0

1 4

0
2 0

4 0

4 10
1 12

1 0
1 11

1 0
3 11
1 12

4 0
5 9
12 10
1 11
2 12

5 0
1 8
12 9

3 0
14 8

2 0
1 8

6 0
2 9

5 0
8 8
6 12

3 0
16 10

2 0

2 0
1 9

1 8

0
7 0

1 0
1 4

2 0
3 3
2 12

8 7
1 10
2 11
3 12

1 12

1 10
13 12

8 9
4 12

4 0
6 7

1 0
3 7

13 12

2 0
1 6

1 6
1 8

2 7

3 0
1 12

2 8

2 7

2 0
4 7
4 12

12 12

1 0
20 11

1 0
17 12

10 5
2 6

2 0

24 11

1 0
5 7
8 8

1 6
1 7

0
4 7

2 10

2 0
3 7
1 12

1 12

1 0
1 10
1 12

17 10

1 0
14 12

6 12

3 0
23 10

1 0
2 3
3 6
1 12

1 0

1 12

1 11

1 0
3 3

0
0
2 2
2 10
2 12

0
3 0
1 5
4 9
4 11
2 12

9 0
1 1
1 12

1 0
13 11

1 0
2 11

2 0
4 11
8 12

1 0
1 9

6 4

7 0
6 12

1 2

0
4 12

0
0
3 12

2 0
12 10

3 0
1 10
2 11
6 12

1 0
3 10

2 12

1 0
9 2
7 5
10 10

9 0
1 11
3 12

8 9
3 11

6 0
8 11
9 12

0
1 6
2 10

1 0
2 11

0
0
2 12

6 4
8 11

1 0

1 0
7 10

4 0
12 9
2 11

9 11
10 12

1 8
1 10
1 12

2 0
6 1

3 12

0
2 0
1 11

1 9

0
4 7

1 0

0
2 0
2 12

23 12

3 0
7 8

4 10
1 12

2 8

4 0
1 12

3 0
9 8

1 6

3 0
1 10

1 1
1 8

2 0
1 4
1 12

0
5 0

8 0
2 7
1 9

2 0
1 9
9 11

21 0

6 0
1 7

3 0
2 8
2 10

7 0
1 8
5 11

9 0

14 0
3 11

1 7
1 11

2 0

1 0

2 0
1 3

6 0

1 11

5 0
1 10

8 0
14 12

4 0
4 12

4 0
3 8
1 12

1 0
1 6

1 6

5 0
13 12

6 0
22 9
3 11

0
1 0

1 0
2 9

2 0
2 6

2 0
4 11

0
3 0
1 10
9 12

4 0
1 10

5 0
10 12

4 0
13 12

4 0
16 12

7 0
4 9
2 10

1 0
16 12

1 11
3 12

1 9
1 12

2 0

2 12

1 10

1 12

1 6

1 0
4 12

1 0
1 7
5 9
13 11

2 0
7 11
11 12

3 0
5 3
7 12

3 0
26 12

2 0
2 12

4 0
2 10
1 11

1 0
9 12

0
0
2 11

1 0

4 11

3 2

1 0
2 7
1 10

2 0
12 11

9 10
5 11

18 12

27 11

0
19 10

24 12

0
1 12

0
0
0
0
1 0
1 12

5 0
1 3
1 12

5 0
2 12

11 10

9 9
10 11

1 0
1 11
2 12

2 0
13 12

1 0
5 9

1 0
1 4
1 10

1 9
1 10

4 11

1 0
1 11

1 0
1 4
2 12

3 0
2 12

13 9
2 10

1 0
4 12

3 0
1 10
1 11

2 0
17 10

13 8
3 11
1 12

1 0
1 12

22 12

4 0
27 8

1 0
2 9

2 8

1 3

3 0
1 11
1 12

5 0
3 10

4 11

4 9
1 11

13 9

3 0
1 11

3 12

1 0
1 5
10 9
2 11

0
3 4

1 0
7 7
20 12

2 0

2 4

0
3 0

3 0

3 0

13 12

7 11

1 0

2 0
15 10

2 0

0
1 0
8 7

29 12

1 3
1 6
2 11

1 0
3 12

2 10

1 0
1 6
2 10

1 0
4 9
1 12

1 6
1 9

11 8
3 12

3 0
6 8
1 12

5 0
1 7
4 8

0
2 0
1 10

6 0
6 12

3 0
5 8

15 9
5 11

1 0
1 12

1 0
2 6

2 0

2 2

0
2 8

7 9

2 0
1 5
1 11

8 4
2 6
3 7
2 12

1 11

1 0
1 11

2 0
1 8
5 9
1 12

17 12

10 10

1 0
1 11

1 0

3 6

2 8
3 10

5 12

1 3
2 12

3 6
1 7

2 0
11 5
1 8

0
2 0
9 6
9 12

2 0
9 8
18 12

5 4
2 10

1 0
19 8
1 10
13 12

1 0
25 12

3 7
1 12

2 0
2 10

2 11

0
0
1 6

0
1 0
15 9

3 0
24 12

2 0
14 2

13 9

5 11

0
2 5
2 10

1 1

2 0
1 1

2 0
2 9

2 0
3 7

0
3 9

17 12

10 5
3 10

0
2 0
4 5
3 10
14 12

2 4
11 9

12 9
3 10
6 11

0
9 9
25 11

4 2
3 7
4 8
1 9

11 1
1 12

2 0
6 3
3 11
2 12

4 0
11 3

2 0
16 11
2 12

5 0
3 12

