4 0

1 0
13 1

4 0
1 6

7 0

15 0
1 6

10 0

10 0
5 6

5 0
16 1
1 2
2 4


1 6


2 0

5 0
3 6

2 3

1 0
1 6

17 0

12 0

9 0

9 0

10 0

14 0
2 5
1 6

10 0

1 0


2 0

4 0

5 0

2 0

3 0
2 4

24 0

1 0
17 6

17 0

1 0
2 6

8 0

1 0
18 6

19 0

2 0

3 0

1 0


5 0
2 4

2 0

7 6

2 0
12 6

1 3

4 0
10 6

12 6

10 6

2 1
2 6

1 0
4 5
8 6

3 6

2 6

2 6

1 0
3 5

2 6

1 0
1 6

10 5

12 6

2 0
19 5

1 0
17 5

12 5

2 0

1 0
23 5

2 0
12 6

2 6


4 6

1 0
1 5

6 3

1 5

3 6

17 6

1 0
14 6

1 0
5 5

1 0
25 6

5 4
2 6

1 0

1 6

1 0

4 3



6 6


14 5

11 6

6 0
2 5
6 6

3 4

4 0
10 3

2 0

1 0
5 5

13 5

1 6


4 4



3 5

3 0
3 3
8 5

3 0
9 4

2 0
2 5

2 5

3 0
5 4
17 5
2 6

1 0
12 2

1 0
10 1

23 3


3 5

1 1
2 4



1 0
1 5

1 1
13 4

1 0

1 0
1 2
6 3

8 2
10 4

2 0
17 4

3 3

8 0

2 0
1 4


2 1
1 3

1 4


2 0
1 2
1 5

1 3


4 6

2 0
21 6

2 0
8 6

1 0
4 6

2 0

5 0

5 0
7 2

1 0

3 0
1 5

2 0

4 0


5 1

3 0
8 6

6 0
6 5

21 0

1 0
6 6

4 0
1 5
2 6

13 0

5 0
1 3
3 4

2 0
13 2
2 6

2 0

1 0
1 5

1 6

2 0
1 4

3 0
3 2

1 0

6 0

2 0
8 4
12 5

8 0

7 0
1 3

2 0

1 0

11 0
7 6

24 0
7 5


1 0

2 0
1 4

4 0

6 0


2 0
11 6

5 0

15 4

10 0
6 4
1 5

18 0
2 6

1 0
12 5

4 0
13 5

3 0
1 3

1 0
1 3

2 0

2 0

1 0

1 5

1 0

4 2
1 4

1 0
1 1
18 2

20 6

15 6

22 4
7 5

1 0
3 6

3 0
1 4
3 6

2 0
4 4
4 5



1 0
1 4

1 5

1 0
1 1
1 3
1 4

2 4
1 6

2 3
2 6

14 6

2 0
12 6

3 0
15 5

15 2
12 4


12 0
2 4
5 6

12 2
12 5


1 4





2 0

2 0
5 6

7 0

2 0
9 3

1 0
18 4

1 3
3 5

15 0

5 0
1 1

3 0

1 0
1 1

4 6

1 0
1 6

1 0
3 6

5 0

15 3

3 3
2 6

5 0

3 0
16 4

16 0
1 5

2 0

6 0
16 6

14 0
17 1

1 0
2 6

2 0

1 5

5 6

8 0

1 0
3 4

5 0

3 0
10 4

1 0
1 2
2 6

1 0
2 4

3 0
11 5


3 0

26 0
2 4

2 0

2 0


1 2
2 4

1 0
1 3
1 5

3 0

3 0
10 6

7 0

1 6

17 6

1 0
1 6


5 1
4 5

1 0
28 6

1 0
3 6

4 0

2 0

4 0

6 6

2 6

1 0
13 6

10 6

4 0
6 6


1 0
2 6

1 0
11 5

5 0
1 1
1 5
1 6

2 0
11 5
7 6

2 6

3 6

1 0
1 5

1 4
1 5


2 6

2 0
5 6

2 0
1 3
1 4

1 0
14 5

1 6

2 6

2 0
4 3
3 5

17 4

3 0
2 5
5 6

2 6

1 6

3 4

4 2
1 4

5 6

1 0
2 5

4 3

2 0
3 1
9 5


6 3
14 6

29 6

4 0
3 5

14 5
20 6

1 0
25 4

4 5

4 3

2 5



1 0


2 2
5 3
8 4
1 6

2 0
25 3

16 2

2 0
3 2
8 5

2 0
1 1
2 3


4 4

1 6

3 5

1 0
3 6

3 0
1 1
1 6


3 2

17 6

1 2
12 6


8 2
15 6

13 4

8 0
4 2
9 6


8 5
26 6

12 1

5 2
7 5

13 1

11 4
4 6

20 3

1 0
7 2

