8 1

7 0
13 1

16 0

6 0
7 1

6 0
2 2

2 0
1 2

9 0

5 1
2 2

0
1 0
1 1
1 2

1 0

3 0

3 0
1 2

2 0

15 0

9 0

15 0

13 0

24 0

0
8 0

22 0

1 0

4 0

1 0

2 0

1 1

4 0

11 0

6 0

11 0

5 0

25 0

3 0

4 0

13 0

0
0
1 0

3 0

1 1

3 0

7 3

24 3

19 3

1 0
3 3

1 0
23 3

9 3

1 0
18 3

3 0
16 3

1 0

2 3

1 3

4 0

1 0
3 3

1 3

11 2

23 3

2 3

1 0
9 2

2 0
15 2

1 2
2 3

1 0
7 3

7 2

1 0
2 2

1 0
1 2

4 2

1 1
3 2

1 0
6 2

1 3

6 1
3 3

2 2

1 0
6 3

1 0
19 1

1 0
3 1
10 3

1 0
13 1

1 0
7 3

2 0
21 1

2 3

2 1
2 2

2 1

1 1

1 3

1 0
2 1

3 3

2 1
21 3

4 0

1 0
10 3

10 3

1 3

4 0
4 3

1 0
14 3

1 1
2 3

0
2 0
1 3

2 0
1 1

7 0

3 0

5 2

0
20 3

11 3

2 3

2 0
8 2

1 0
3 2

17 2
4 3

1 0
1 3

2 2

1 0

1 2

2 2
2 3

0
2 3

5 0
5 2
3 3

12 1

2 3

0
1 0
1 3

6 0
16 2

1 0
7 2
9 3

1 0
3 2

3 2

1 0
1 3

1 0
3 3

3 2

0
4 0
4 2

16 3

11 2

1 0
5 3

1 0
15 3

13 0
1 1

8 0

1 0
20 3

0
2 2

0
3 3

2 0
1 2

2 0
1 1

2 0
11 1

13 1

13 0

13 0

5 0

3 0

5 2

9 0
7 2

2 0
2 2

1 0

2 1

3 0

4 0

0
14 0

24 0

17 0

11 0

6 0

0
0
10 0

1 0
1 3

1 0
3 1

1 0
2 1

0
3 0
4 1

3 0

13 0

0
2 3

7 0
3 3

20 0

5 0
8 3

7 0
24 3

17 0

0
1 0

2 0

2 0

2 0

3 0

4 3

6 3

16 3

2 0
11 3

1 0
5 2
1 3

7 2

1 0
21 3

1 2
6 3

0
5 3

1 0
2 2

2 3

4 0

2 0

1 0
2 3

5 3

2 2
2 3

2 0
11 2
5 3

22 3

2 0
6 3

4 0
8 1
2 3

16 3

1 0
2 2
1 3

4 2

0
4 1

1 0
4 2

1 0
2 2

1 0
6 3

2 2

2 0
9 1
6 3

1 0
9 1
3 2
4 3

6 0
6 3

1 0
11 3

9 0
9 2

4 0
6 2

1 0

3 0

2 0

1 0

1 0
1 3

1 0

5 1

24 0

11 0

6 0
3 3

11 0

3 0

12 0

2 0
4 2

3 3

1 1

2 0

1 3

3 0

4 0

2 0
4 2
4 3

9 0
2 2

1 0
4 3

14 0
1 2

1 0

13 0
1 3

5 3

9 0
3 2

0
3 0

3 0

2 0

2 0
2 2

0
5 3

1 0
8 1
6 3

0
2 0
17 3

7 0
19 3

6 0

1 0
2 1
1 2

3 0
21 3

1 0

0
2 3

0
4 0
1 1

1 0
1 2

6 0

2 0
1 2

0
11 0

15 1
10 3

2 0
1 3

2 0
27 3

20 0

2 1

1 3

0
1 0
2 2

1 0
2 3

0
9 0
1 2

2 0
7 2

4 0
15 3

11 0
3 1

19 0

5 0

2 0
21 3

25 0

1 0

1 1
1 2

2 0

2 0
1 2

0
2 0

0
2 0
16 3

16 3

2 3

3 0
7 3

2 3

27 3

25 3

3 3

1 3

1 0
3 3

2 0

1 0
5 3

0
5 2
2 3

1 0
8 3

1 0
2 1
28 3

1 0
12 3

2 0
8 3

1 0
9 3

0
2 2
18 3

1 2
1 3

0
1 0
1 3

2 3

1 0

2 3

13 1

3 0
7 1
3 3

0
2 2
17 3

1 0
3 2
22 3

13 2

0
2 0
31 3

1 0
7 1
1 2

1 0
10 3

15 3

7 0
6 1

1 0
8 1
1 2
10 3

4 0
1 1
9 2

