5 0
1 1

12 0
11 9

9 0
3 8

1 0

6 0
5 9

1 5

6 0
6 6
15 9

10 1
15 9

3 1

0
0
2 0

1 0

0
4 0
6 9

13 0
2 8
5 9

3 0
1 5
12 9

24 0

5 0

9 0
2 9

7 0
5 8
2 9

19 0
9 9

1 8

3 0

1 9

2 0

0
1 0

2 0
3 7

5 0

7 0
4 9

7 9

10 0
12 8
2 9

1 7
10 8

1 0
1 9

2 0
9 7
1 8

5 0

0
4 8

0
6 9

1 7
1 9

0
1 0
1 2
2 7

1 0
9 6

3 0
5 6
7 7
1 8
2 9

3 0
1 8
4 9

7 9

2 8

0
2 3

4 8

1 9

4 7

6 9

0
1 4
4 6
6 8

2 8
2 9

4 6
10 8

13 8

1 0
3 6
8 7

1 0
1 5
2 9

12 4
6 6

1 0
1 4
12 6
1 7

4 6

1 4
1 6
1 7

3 6

3 0
2 9

2 3
4 7

1 0
1 4

3 6

4 0
18 5
1 9

3 0
9 4
1 8

1 8

3 0
1 6
5 9

5 7
2 9

6 3

1 0
26 7

0
4 2

3 7
1 8

1 8

7 5

1 0

7 4
5 5

5 0
6 6

8 9

0
1 0
3 9

8 0

2 0
26 4

2 0
5 5
3 6

1 0

1 0

2 9

2 9

1 6
1 9

0
1 0
8 9

1 0
1 8
4 9

2 5
12 9

4 2
21 5

1 3
10 4

2 0
5 9

7 9

1 0
21 9

0
1 8

2 0

1 6

1 0

3 2

1 0
5 1
4 4

3 0
13 8
1 9

1 0
3 2
1 7

1 0
2 1
1 2
9 3

2 0
1 6
14 8

4 4
3 6
2 9

14 2

3 0
1 7
2 8

1 9

1 0
2 9

1 8
3 9

5 0

2 8
2 9

2 1
1 9

2 0
8 3

3 0
6 7

9 8

2 0
5 8

1 0

1 0
3 4

1 0

19 0
9 9

0
0
0
3 0

1 0
1 7

1 0
1 3
1 9

0
10 0
4 2
2 4
1 6

4 0
2 8

2 0
4 7

6 0
2 9

1 0
5 8

1 0
8 9

4 0
2 7

0
0
1 2
1 6
1 9

2 0
1 2
1 6

2 0

1 0

1 0
4 6
2 9

3 0

2 0
9 4
4 7
3 9

6 0
8 7
8 9

15 0
7 1
1 8

4 0
2 9

3 0
1 9

1 0
2 6
5 8
6 9

0
1 5
1 9

2 0

1 0
3 9

1 1
4 5

1 0
1 7

10 0
3 9

4 0
9 5
2 8
1 9

2 0
1 9

6 0
8 7

1 0

1 0
3 5
2 8

8 0
14 4

14 0
15 7

0
0
0
3 0
1 4

4 9

1 0

2 5
1 6
1 8

2 0
23 9

1 0
6 8
1 9

15 8

4 8
17 9

1 0
3 2
1 3

0
1 0
19 6

2 4

2 0

0
3 0

1 9

1 0
1 8

9 5

1 0
3 6
4 7

5 0
16 4

4 3
1 4
1 5
4 8

2 0
23 1

1 0
2 5

10 0
19 8

11 4
9 7
5 8

1 0
2 5

0
1 9

0
4 4
3 6

2 2

14 9

4 0
19 9

2 0
4 7
1 8
3 9

3 0
14 9

2 0
4 9

7 0
1 1

20 9

1 0
23 9

0
1 0
1 3
1 7

2 0
1 8

0
1 0
5 9

2 0
1 9

15 8

0
2 0
4 1
15 9

20 9

6 0
1 6
6 8

3 9

7 0
3 7
7 9

3 0
7 9

1 0
1 4

3 0
1 8

1 8
1 9

0
1 0
1 1

1 0
1 8
1 9

6 7

2 3

1 6

8 9

7 8

0
3 6

15 9

1 0

4 8

1 8

0
5 8

1 7
1 8
1 9

3 8
1 9

5 0

1 4
7 6
1 7

2 0

3 6
1 7
17 9

1 6
10 9

3 0
16 8

29 6

1 0
1 6
1 9

3 7

2 9

1 1
2 9

1 0
6 7

0
5 9

5 6
1 7
2 9

4 0
6 8

1 0
10 7

2 0
14 7
4 9

0
3 0
1 5
3 9

5 7

3 0
2 7

1 6
2 7

2 6

1 0
2 3

2 9

3 9

7 7
4 8
3 9

5 0
13 5

1 0
14 9

9 5
1 6

1 0
7 4

2 0
2 7

7 0
4 5
1 9

2 0
5 5
3 6
1 9

0
4 9

1 6
1 7
1 8

4 0

4 7

0
0
2 0
9 3
4 4
1 7

11 9

3 0
4 9

5 0
18 7

1 0
6 8

3 0
24 9

0
1 6

0
3 9

0
2 3

2 0
1 6

0
10 7

1 0
5 6
17 7

6 8

4 0
5 3
7 7
5 9

3 0
1 1
3 3
4 8

0
26 8

0
2 9

1 7

2 2
1 8
1 9

4 9

3 9

15 1
4 2
3 9

3 0
8 4
4 6

0
1 0
2 8
19 9

18 2
11 7
12 8

19 4

0
19 1

3 0
1 4
10 7

7 5
4 8
2 9

9 2
3 5
1 7
1 9

8 0
1 5
3 9

15 9

15 2

