








8 0
24 1

4 0
24 1










































30 6

3 0
63 6

101 6

56 6

1 0
188 6

2 0
286 6

202 6




























66 5

107 6














60 5

2 0
118 5



























2 0
110 3


















2 0
129 2
1 5
20 6

























14 0
206 5

24 0
134 5

288 5

14 0
23 5




























217 6

48 6

27 5



































































































































