8 0

6 0
18 1

17 0


15 0
1 6

4 0
3 1
1 6

18 0

6 0
19 1

1 0

2 0

1 0

1 0

3 0

3 0


13 0

12 0

17 0
1 6

18 0

3 0
4 1

22 0

12 0

1 5

2 0
1 1

4 0

1 5

1 0
1 6

3 0

4 0

7 0

1 4
4 6

17 0

28 0

9 0

9 0

30 0

3 0




1 0

2 0

9 0
9 6

4 0
4 3
10 6

2 0
19 6

3 0
4 5
9 6

1 0
3 6

6 6

2 0
9 6

4 0
29 6


2 5


1 5

1 0
5 6

1 6

1 0
5 6

1 6

1 0
1 6

3 6

1 0
16 6

2 0
7 6

19 5

23 6


2 6

1 6


3 6

2 6

5 5

2 0
9 4

2 0
8 6

1 0
17 5

7 1
6 4
1 5

4 4

21 4

20 5

1 4

2 1


1 0
1 6

1 5
1 6

2 2


5 0
1 4

1 0
17 5

4 0
9 3

3 3

3 4
1 5

3 0
4 4

25 6

1 0
2 4

1 0
2 5

3 0

2 3

6 6

1 6

12 5

1 0
12 5

1 0
4 3

3 3
4 5

2 3
2 5
1 6

2 0
7 3

9 0
11 2

5 0
28 3

1 5
2 6

1 3

1 0
3 5

1 0
1 6

7 4

2 0
1 5

2 0
13 3

4 0
7 1
1 2

1 0
7 2
7 3

2 0
20 4

4 1

1 0

7 0
3 1

1 0
4 4

1 6

1 2

4 4

2 0

3 2

2 6

2 0

19 0
1 6

6 0

4 0
2 2
1 6

7 0

6 0

7 0
2 4
9 6

6 0
1 2

3 0

1 0
1 3
1 6

1 0

1 0
3 6

6 0


3 5

2 0
2 6

1 0

7 0

15 0
3 5

4 0
2 5
1 6

1 0

15 0
4 2
13 6

2 0
1 2

2 0

2 5

2 6

1 0
2 6

1 0
1 6

10 1
2 5
7 6

13 0

2 0
4 4

7 0

3 0
2 1
12 4
5 5

3 0
2 1

12 0
7 3

2 0
2 5


3 0

2 0

1 0
1 4

5 0

2 0

6 0

10 0
1 3

1 3
16 4
3 6

10 0
10 3
1 4

16 0
5 4

3 0
3 6


3 0

2 0

3 6

4 6

1 2
1 6

3 3
1 6

2 0
1 3

2 5

1 0
2 3

1 2

3 0
21 4

3 6

2 0
7 3

2 0
1 4

24 4

2 2
2 4

2 2


1 0
2 3
1 4

3 3


11 6

1 0

17 5

2 0
18 5

3 4

2 0
6 2

8 4



2 6

2 2

2 0
3 5

1 2

2 5

4 0
12 2

10 0
8 2

11 0
11 1

4 0
8 1
4 6

19 5

1 0
6 6

2 0
12 6

4 0
1 1
1 6

2 0

2 0

1 0
1 1

1 0
3 3

1 0

1 3
2 4

5 0

3 0
1 5

4 0
2 1


1 0
27 5

6 0

3 6

10 1
1 6

1 5

1 0

2 0
2 4


1 0

1 0
1 2


20 0
2 6

4 4

15 0


3 0

1 0
18 6

5 0
1 2

1 6

1 4


3 2
1 6

5 0


1 5
3 6

1 0
16 6

1 6


2 0
21 6

1 0
3 6

1 0
21 6

11 6

1 2
1 6

1 0
1 1

1 0
1 3

2 4
3 6

2 0
4 6

2 0

7 6


1 0
17 5

6 5

16 6

7 0

8 6

3 0
14 5
6 6

2 5

1 0
1 5

1 0
2 6

3 0

2 0
3 5

1 5
2 6

11 5

22 6

3 0
17 6

6 4
3 5
5 6

1 6

1 0

2 0
9 4

1 4
7 6


1 6

2 0
1 5

1 0
2 6

3 4
3 6


1 0
7 4

25 5

7 3
4 4
2 6

1 0

1 0
28 6

8 4

1 0
24 6

18 6


1 0
2 3

1 2

2 5

1 5

2 6

1 3
5 6

3 0
5 6

1 0
27 3

2 6

13 6

1 0
1 3
3 6


1 0
5 3
9 4
4 6

1 0

1 6

1 4
3 5

1 0
1 4

2 2
2 5

1 2

4 2
17 6

12 4
3 6


22 5
3 6

2 0
6 3
20 6

1 0
18 1


1 0
21 1
6 3

14 5

15 1

4 2
6 5
1 6

2 0
2 4
9 6

2 0
1 2
4 4
10 5

7 2
8 6

