
7 1


3 1

9 1

9 1
1 3


10 1
13 2


1 1


2 1

6 2








1 2














13 3








7 3

12 3


14 3

11 3

5 3

2 1

10 3


1 3

2 3

1 1
3 3

1 3


2 1
6 2
2 3

11 2

21 3

18 2

8 3


23 2
1 3

13 2
1 3

1 2


3 2

1 3

4 2

1 2

3 3

14 1

15 3

6 1

26 1

6 1
1 3

1 2

1 1

1 1

4 3



4 1
2 2


12 3

10 3

2 2
10 3

2 3

4 3

2 3

4 3

12 3

1 3






14 3

7 2
5 3

3 3

2 3

14 2
11 3

12 3

4 3

22 3


3 2

3 3



2 3

12 3

1 1

2 1
6 3

15 2
1 3

19 3

2 1

3 2

3 3


3 1



4 3




6 1

9 3

4 1

2 3


10 1

1 1



1 3


2 2


5 2


7 2

3 2

9 2


11 2


2 1


3 1



2 2




1 1

1 1


24 1



3 1

3 1

1 1




9 3


1 2
1 3

3 3

13 3


2 3




1 3


1 2
4 3

4 2
12 3

20 2

14 3

25 2

3 2

7 2

10 3



2 3


3 2

3 2

4 3

12 3

14 3

7 2
9 3

15 2
9 3


9 2
7 3

24 1


1 2








8 1

17 2

4 2

15 2

2 2
4 3

1 1


3 3


1 2

3 2


3 1


9 1
2 2
4 3

1 2
12 3


17 2

30 1


2 1


2 2

1 1
3 3






9 1
1 3


2 3


2 2





2 2
1 3

8 3

1 3



2 3


4 3



4 1

2 3

1 2
2 3





6 1
4 3



6 2

7 3

1 3


1 3




2 3



15 3



5 1

17 3


2 2





3 1

4 3

13 3


17 3

26 3


34 3

25 3


3 3

2 3



1 3


16 3

27 3

16 3

13 3

1 2
4 3


4 3


3 2

4 2

5 2


3 3

17 3

12 1


22 3

12 3

21 2


22 1
11 3

4 1
7 2

11 2

13 3

15 3

18 3

8 2

