0
0
0
0
0
0
0
0
0
0
0
0
0
0
0
0
0
0
0
0
0
0
0
0
0
0
0
0
0
0
0
0
0
0
0
0
0
0
0
0
0
0
0
0
0
0
0
0
0
120 9
59 12

48 9

1 0
28 9

0
0
0
0
0
0
0
0
0
0
0
0
0
0
0
0
0
0
0
46 12

268 12

1 0
234 12

0
0
0
0
0
0
0
0
0
0
75 11
68 12

0
0
0
0
0
0
0
0
0
0
0
0
0
22 10
10 11
14 12

65 10
177 12

0
0
0
0
0
0
0
0
0
0
0
0
0
0
0
0
0
0
0
0
0
0
0
0
0
0
0
0
0
0
0
0
0
0
0
0
0
0
0
0
0
0
0
0
0
0
0
0
0
30 7

4 0
54 11

5 0
61 9

5 0
96 9

2 0
54 11

0
0
0
0
0
0
0
0
0
0
0
0
0
0
0
0
0
44 12

1 0
339 12

43 12

0
0
0
0
0
0
0
0
0
0
0
0
0
0
0
0
0
0
0
0
0
0
0
0
0
0
0
1 0
114 12

34 11
254 12

218 10
9 12

0
0
0
0
0
0
0
0
0
0
0
0
0
0
0
0
0
0
0
0
0
0
0
0
0
0
0
0
0
0
0
0
0
0
0
0
0
0
0
0
0
0
0
0
0
0
0
0
0
0
0
0
0
0
0
0
0
0
0
0
0
0
0
0
0
0
0
0
0
0
0
0
0
0
0
0
0
0
0
0
0
0
0
0
0
0
0
0
0
0
0
0
0
0
0
0
0
0
0
0
0
0
0
0
0
0
0
0
0
0
0
0
0
0
0
0
0
0
0
0
0
0
0
0
0
0
0
0
0
0
0
0
