
18 0
81 1
































15 0

288 6

2 0










4 5
18 6

340 6

11 0
132 6
























5 5

2 0
266 6

257 5











4 0
139 6




























2 0
44 4

6 0
178 4












































































125 6

48 4

59 6

1 0
57 6

4 0
62 4

49 4
52 6

22 5
34 6








3 0
21 4
96 5
159 6





































































































































