1 0
57 12

0
0
0
0
0
0
0
0
0
0
0
0
0
0
0
0
0
0
0
0
0
0
0
0
0
0
0
2 0
55 10

0
0
0
0
0
0
0
0
0
0
0
0
0
74 9

12 0
276 9

7 0
160 8
101 12

1 12

0
0
0
0
0
0
0
0
0
0
0
0
0
278 8

61 11

0
0
0
0
0
0
0
0
0
0
0
0
0
2 0
277 12

3 0
155 7

2 0
286 12

36 12

0
0
0
0
0
0
0
0
0
0
0
0
0
31 11
26 12

0
0
0
0
0
0
0
0
0
0
0
0
0
1 0
5 10
78 12

0
0
0
0
0
0
0
0
0
0
0
0
0
83 11
9 12

0
0
0
0
0
0
0
0
0
0
0
0
0
1 0
29 10
43 11

0
0
0
0
0
0
0
0
0
0
0
0
0
1 2
63 9

3 0
31 9
14 10

3 0
18 8
33 11
5 12

55 9

0
0
0
0
0
0
0
0
0
0
0
0
0
3 8

6 0
59 1
1 12

13 0
88 9

56 8

0
0
0
0
0
0
0
0
0
0
0
0
0
0
0
0
0
0
0
0
0
0
0
0
0
0
0
0
0
0
0
0
0
0
0
0
0
0
0
0
0
0
0
0
0
0
0
0
0
0
0
0
0
0
0
0
0
0
0
0
0
0
0
0
0
0
0
0
0
0
0
0
0
0
0
0
0
0
0
0
0
0
0
0
0
0
0
0
0
0
0
0
0
0
0
0
0
0
0
0
0
0
0
0
0
0
0
0
0
0
0
0
0
0
0
0
0
0
0
0
0
0
0
0
0
0
0
0
0
0
0
0
0
0
0
0
0
0
0
0
0
0
0
0
0
0
0
0
0
0
0
0
0
0
0
0
0
0
0
0
0
0
0
0
0
0
0
0
