2 0
1 2
1 9

2 0
12 9

5 9

1 0
6 9

2 0
14 9

6 0
4 6

11 0
4 8

15 0
9 9

0
1 0

0
2 0

8 0

1 0
1 9

2 9

17 0

8 0
4 8

2 0
7 9

9 0

10 0

1 0
6 7
10 9

10 0

1 1

0
2 0

4 0

4 0
1 8

1 0
1 9

1 0
4 8

3 0
19 8
2 9

9 0
4 8
5 9

13 0
4 9

1 8
2 9

4 0
4 9

7 0
12 8

19 9

1 0
1 9

3 0

1 8

0
1 0
6 9

1 0
1 8

1 0
6 9

14 7

1 7

1 0
13 9

12 9

5 0
5 7

1 0
1 6
2 7

13 9

3 7

2 9

1 3
1 5

3 6
1 8

2 9

2 3

7 6
3 9

1 0
7 7
4 9

1 0
6 7
2 8
12 9

2 1
16 6

1 0
1 4
10 8

2 0

4 0
20 7

3 5
3 6
7 8
1 9

2 3

0
1 0
3 5

1 4
1 5

2 0
4 6

1 5

3 7

9 7
8 9

1 0
14 6

4 1
2 7

4 0
22 7

3 0
3 6
1 8

1 5

1 7

1 7

2 0
1 1
1 3

0
0
6 5

0
5 0
8 6
1 8

1 0
10 3

4 0
10 5

2 3
1 9

1 0
13 9

1 0
1 5

6 9

11 5
1 6
1 9

1 9

0
1 0
3 4

0
0
1 0
2 6

14 5

1 0
1 8
10 9

2 0
2 7

1 8
1 9

15 8
12 9

3 0
8 2
2 3

1 0
9 3
1 9

2 0
21 4

0
2 0
1 8

1 6
2 8

0
0
1 0
1 6

2 0
12 2

1 0

3 4
2 6
3 7

7 3
11 9

1 0
18 9

3 0

3 0
3 6
2 9

3 7

0
2 0
1 9

1 7

0
2 0
2 9

1 0

0
2 6
2 9

8 0
15 8

10 7

5 8

2 0

3 0
2 9

2 0
10 9

1 0

4 0

1 0
1 9

2 2
2 9

0
2 0
3 1

11 0

9 0
3 7

8 1
13 9

2 0
2 7
3 9

1 0
1 6
5 9

3 0
6 6
4 8

9 8

11 0
6 9

2 0

2 0

1 0

3 0

3 0
3 6

1 0

5 0
1 9

20 0
2 8

8 0

4 0
2 5
2 6

1 0
1 3

1 0

1 0
17 7

13 0
18 8

0
1 0

3 0

4 6

1 0
5 9

0
3 0
10 8

2 0
3 8

1 0
7 6
2 7
5 9

7 0
10 7

11 0
8 6
1 8

3 0
9 7
1 9

17 9

4 0

1 0
1 9

1 0
1 3

2 8

1 6

1 0

1 0

2 0
3 3

20 3

1 0
12 2
7 4

4 0
3 2
8 4

14 4
15 8

2 0
2 1

1 0
6 9

1 6
9 7

0
0
2 9

1 9

3 8
1 9

3 0

2 6
2 9

6 0
8 3

2 0
12 9

13 3
2 4
3 9

5 3
1 5
20 8
1 9

0
1 0
15 6
3 9

1 0
13 2
10 7

0
1 8

0
0
0
0
2 9

2 0
5 7

4 1
3 9

1 0
1 1
9 9

1 0
18 9

2 0
2 9

4 0
11 9

6 9

2 0
1 5

1 0
1 9

2 0
1 8
1 9

2 0

4 9

5 0

1 0
14 9

3 0
1 5
1 8

1 0
4 9

3 0
16 9

1 0
16 8

2 0

6 0
2 8
14 9

31 8

1 8
2 9

2 9

1 8

4 0
1 5

1 0
7 9

2 0
2 9

1 0
4 8

2 0
11 7

3 2
1 9

2 7
1 9

14 8

0
2 0
1 9

2 0
26 9

2 0

2 9

0
1 0
1 1
1 8

2 3
1 7

2 0
1 6

10 8
3 9

2 0
5 6

1 5

6 8
11 9

1 0
1 6

0
3 5
6 7

1 0
4 7
24 8

4 0

1 0
2 8
1 9

2 0

4 9

6 9

1 0
1 9

1 0
13 9

10 8

10 7

0
3 5

12 8

1 0
3 6
4 7

18 7
2 9

2 7

1 0
2 9

2 5

1 0
1 8

0
1 0
1 8

1 0
6 4

3 0
1 9

3 0
12 4

1 2

2 0

7 0
2 7

3 0
1 7
13 9

1 5
9 9

1 0
1 9

1 5

1 0
1 5
1 8

5 9

1 0
2 7
2 8

2 0
1 8

3 4
1 6

1 0
13 5

0
1 3
2 7
4 8
13 9

27 7
2 9

3 0
4 3

4 0
30 3

21 5
5 9

4 9

2 5
1 6
1 9

2 3

0
0
1 6

0
16 8

1 0
21 2
5 5

11 7
5 9

1 1
9 7
3 8

4 8
1 9

0
4 4

1 0

1 0
2 9

1 7
3 9

2 0
2 4
1 9

0
2 0
1 9

6 2
6 4
5 8

10 3
1 7
2 9

0
3 0
20 9

11 5
2 6

1 0
6 4
14 7

0
34 8

1 5
11 9

7 5
5 6

1 5
12 9

2 0
13 9

3 0
10 8
7 9

1 0
4 7
3 9

