6 0

21 0
2 1

3 0
9 1

1 0

6 0
5 1

1 0

27 0

3 0
22 1

3 1



2 0

1 0


10 0

18 0
2 6

16 0

24 0

5 0

10 0
1 5

14 0

28 0

1 0

3 0

1 0

2 0


1 0

4 0
1 4

3 0
2 5

11 6

7 0

23 0
1 4

6 0
1 3
4 6

1 0
1 5

12 0

5 0


4 0


6 0

1 0
1 4


3 0
1 6

7 5
3 6

9 3
9 6

8 6

6 0
1 6

1 0
1 5


2 6

4 6

1 4

3 0
1 3

6 6


1 0
7 5
3 6

4 6

2 0
2 5
10 6

2 0
11 5

12 5

4 4

18 6

15 6

4 6

3 6

3 6

3 2
2 6

2 0
3 2
1 6

2 5

3 1

2 0
14 5
7 6

8 3
5 6

1 6

1 0
8 5

1 0
1 5
5 6

1 0
5 5

27 6


1 2
3 5

2 2
2 6

1 0

1 0
6 6

1 6

1 0
7 5
4 6

2 0
9 6

1 0
7 5


2 0
1 4
1 5

8 5

28 4

1 0
9 5

1 6

1 4

1 0
1 5

2 0

1 0
1 6


1 0
8 4

6 0

2 0
12 4

2 0
23 3

1 0
4 2
6 5

1 0
2 2
4 5

5 0
2 3

5 4
11 5
6 6


1 4

2 5

1 6

1 5

3 3

2 0
8 4

11 4
6 6

5 0

10 3
3 4

17 2

7 0
2 5

4 0
3 2
7 3

6 2

1 0

1 0
1 5
1 6

4 4

5 1

1 0
1 2
1 5
1 6

1 0
2 6

1 0
9 6

5 0
2 2
2 6

5 0
1 4
3 6

4 0
3 3

1 0

4 0

1 0

28 2




3 1

2 0

1 1
2 6


17 2

6 0

4 0
2 2

8 0

3 0
3 5

6 0
3 6

3 0
3 6



3 0

4 0

2 0

1 2

7 6

3 0

18 0

6 0
16 6

9 0
2 5
12 6

6 6

4 0

5 0
5 4
4 5


2 0

2 6

4 0

5 0

2 0

7 0
6 6

6 0
10 4

1 0
2 6

1 0
13 6

1 6

4 0
2 5

2 0
20 4

29 0




3 0
1 5

4 0

1 5

1 0
3 6

2 0
2 3
21 4

3 0
5 5

15 3

21 4

1 0
4 4


1 0
16 4
3 5

1 0
1 4

1 0
1 3


2 0
1 6

1 6

1 0
1 3

1 0
8 5

2 0
6 4

1 0
3 1
17 6

10 5

4 0
6 3
15 6

3 6

3 0
26 4

10 2
15 6

3 5


1 6


6 4
1 6

1 4
1 6

9 0
2 2
3 3

23 0

3 0
7 3

6 0
11 2

1 0
5 2

8 0

20 0

3 0
13 1
8 2


2 0
1 5

3 5


6 0

2 0
1 3

4 3
11 5


21 0

13 0
5 4
2 6

5 0
8 5

1 0
2 6

9 0
8 6

4 0
1 5
5 6

2 6

1 0
3 2

1 0
1 5


2 0

1 0
2 3

4 0
1 3
1 4

1 0
1 6

1 5

8 0

7 0


3 0

6 0
9 5

1 0

1 0
3 4

1 6


5 0

1 0
2 2

3 0
1 6

5 6

4 0
5 6

1 0
1 3

21 6

11 0

2 0
4 1
13 6

2 0
1 3
26 6

3 0

1 0
2 1

1 1
1 6

2 0
1 6

1 0
1 1
3 5
2 6


5 3

2 0
6 5

1 0
9 5

1 0
10 6

20 5


4 5
3 6

1 3
4 6

1 1
4 5

3 0

2 5

2 5
1 6

2 6

2 2
1 5

14 5

1 0
2 5
15 6

2 0
13 6

2 0
1 2
5 4
2 6

1 0
1 4
2 5
4 6

3 0
1 6

1 0
2 2
9 4

11 6


2 0
2 6

3 6

4 0

4 5



4 3
12 4

2 0
7 3
2 5

4 3
3 5

4 0
19 6

6 5
1 6

3 0
24 6


1 6


3 6


1 0
1 1

3 6


3 0
5 4
2 5

23 3

1 0
5 3

21 2

4 0
7 5


26 6


2 6

1 3

1 0
2 2
1 5

1 0
2 4
1 5

3 6

19 2
3 5

15 3


22 3

41 6

19 1


19 5

10 3
4 5

1 3
12 6

7 2
7 6

3 0
3 2
6 6

3 0
12 4

6 5
9 6

